 0.240 -0.136 1
 0.770  0.191 1
-0.631  0.017 1
-0.217  0.160 1
 0.817 -0.167 1
-0.883 -0.255 1
 0.119 -0.388 1
 0.680 -0.076 1
 0.619 -0.235 1
 0.204  0.313 1
 0.155 -0.349 1
 0.583  0.074 1
-0.112 -0.394 1
-0.055 -0.670 1
-0.019 -0.580 1
 0.094  0.410 1
 0.808 -0.210 1
 0.678 -0.171 1
-0.776 -0.098 1
 0.339  0.814 1
-0.232  0.719 1
-0.696  0.217 1
 0.208 -0.211 1
-0.190  0.789 1
 0.132  0.239 1
 0.131 -0.409 1
-0.757  0.027 1
 0.187 -0.158 1
-0.229 -0.054 1
 0.281 -0.589 1
-0.598 -0.059 1
 0.299  0.189 1
 0.559 -0.076 1
 0.071 -0.799 1
-0.687 -0.220 1
-0.265  0.139 1
-0.765 -0.131 1
 0.199 -0.424 1
 0.772 -0.297 1
-0.258  0.272 1
